        50        42        28        90
    44     1  1000
    -1     2    45    46    16   -27  1000
    47    48  1000
    47    48  1000
  1000
    49  1000
    50  1000
    51  1000
    52  1000
    53  1000
    54  1000
    55  1000
    56    27    57    -4    25  1000
     8    58    25  1000
    56    -5    59  1000
    26    56    -5    59  1000
  1000
    39    60    -3  1000
    20    57    21  1000
  1000
    12    61    25  1000
    57    -8    62  1000
    26    57    -8    62  1000
  1000
    11    -7    25  1000
     3    -6    25  1000
    63  1000
    64  1000
    65  1000
    66  1000
    17    22    67    23    -9    46    68    19   -11  1000
    18   -10    46  1000
  1000
     4   -12    46    14    22    67    23   -28    25  1000
    15    22    67    23   -14    46    19   -15  1000
     5    22    69    25    67    25   -16    69    23    46    19   -17
  1000
    56    27    57   -18  1000
    40   -19    71  1000
    26    40   -19    71  1000
  1000
    41   -20    73  1000
    26    41   -20    73  1000
  1000
    57    74   -22  1000
    75   -21    57  1000
  1000
    76    77  1000
    78   -21    76   -23    77  1000
  1000
    79    80  1000
    81   -21    79   -23    80  1000
  1000
    82   -24  1000
    56    -3  1000
    22    57    23  1000
     9  1000
     6  1000
    10    84  1000
     7    84  1000
    85  1000
    13    84  1000
    20    40    21  1000
  1000
    40  1000
    41  1000
    42  1000
    30  1000
    31  1000
    32  1000
    28  1000
    29  1000
    33  1000
    34  1000
    35  1000
    36  1000
    37  1000
    38  1000
    86    87  1000
    86    87  1000
  1000
    83    24    88    25  1000
    39   -25    89   -26    90  1000
    26    39   -25    89   -26    90  1000
  1000
    27    91  1000
  1000
    82   -24  1000
    20    92    21  1000
    72  1000
    70  1000
     44    2    2
     46   17    3
     46   15    3
     46    4    3
     46    5    3
     46   39    3
     46    8    3
     46   12    3
     46   11    3
     46    3    3
     48   17    4
     48   15    4
     48    4    4
     48    5    4
     48   39    4
     48    8    4
     48   12    4
     48   11    4
     48    3    4
     48   14    5
     48   19    5
     48   18    5
     48   16    5
     47    3    6
     47   11    6
     47   12    6
     47    8    6
     47   39    6
     47    5    7
     47    4    7
     47   15    7
     47   17    7
     49   39    8
     49    8    9
     49   12   10
     49   11   11
     49    3   12
     51   39   13
     52    8   14
     58   39   15
     59   26   16
     59   25   17
     56   39   18
     60   20   19
     60   21   20
     60   23   20
     60   27   20
     60   28   20
     60   29   20
     60   38   20
     60   37   20
     60   36   20
     60   35   20
     60   34   20
     60   33   20
     60   25   20
     60   32   20
     60   31   20
     60   30   20
     60   26   20
     53   12   21
     61   39   22
     61   40   22
     61   41   22
     61   42   22
     61   22   22
     62   26   23
     62   25   24
     54   11   25
     55    3   26
     50   17   27
     50   15   28
     50    4   29
     50    5   30
     63   17   31
     68   18   32
     68   19   33
     65    4   34
     64   15   35
     66    5   36
     69   39   37
     70   40   38
     71   26   39
     71   21   40
     72   41   41
     73   26   42
     73   21   43
     67   39   44
     67   40   44
     67   41   44
     67   42   44
     67   22   44
     74   38   45
     74   37   45
     74   36   45
     74   35   45
     74   34   45
     74   33   45
     74   23   46
     74   25   46
     57   42   47
     57   41   47
     57   40   47
     57   39   47
     57   22   47
     77   29   48
     77   28   48
     77   26   49
     77   23   49
     77   21   49
     77   25   49
     77   33   49
     77   34   49
     77   35   49
     77   36   49
     77   37   49
     77   38   49
     76   39   50
     76   40   50
     76   41   50
     76   42   50
     76   22   50
     80   32   51
     80   31   51
     80   30   51
     80   21   52
     80   23   52
     80   26   52
     80   28   52
     80   29   52
     80   38   52
     80   37   52
     80   36   52
     80   35   52
     80   34   52
     80   33   52
     80   25   52
     79   42   53
     79   41   53
     79   40   53
     79   39   54
     79   22   55
     83    9   56
     83    6   57
     83   10   58
     83    7   59
     83   13   60
     85   13   61
     84   20   62
     84   24   63
     82   40   64
     82   41   65
     82   42   66
     81   30   67
     81   31   68
     81   32   69
     78   28   70
     78   29   71
     75   33   72
     75   34   73
     75   35   74
     75   36   75
     75   37   76
     75   38   77
     45   13   78
     45    9   78
     45    6   78
     45   10   78
     45    7   78
     87   13   79
     87    9   79
     87    6   79
     87   10   79
     87    7   79
     87    5   80
     87    4   80
     87   15   80
     87   17   80
     87    3   80
     87   11   80
     87   12   80
     87    8   80
     87   39   80
     86   13   81
     86    7   81
     86   10   81
     86    6   81
     86    9   81
     88   39   82
     90   26   83
     90   25   84
     89   27   85
     89   26   86
     89   25   86
     91   42   87
     91   41   87
     91   40   87
     91   20   88
     92   41   89
     92   40   90
      0    0    0
         4  Assign
         6  Break
        25  DefineVar
        13  DoLoogEnd
        12  DoLoopBegin
        28  DoLoopEnd
        27  End
         2  Finish
        20  FloatAppend
        18  ForAssign
        17  ForEnd
        16  ForUpdate
        23  GenInfix
        11  IfEnd
        26  InitializeVar
         5  InputVar
        19  IntAppend
         7  NewLine
        10  ProcessElse
         9  ProcessIf
        24  ProcessLit
        21  ProcessOp
         3  ProcessVar
        22  SetCondition
         1  Start
        14  WhileBegin
        15  WhileEnd
         8  WriteExpr
        38  !=
         1  $eof$
        22  (
        23  )
        30  *
        28  +
        26  ,
        29  -
        31  /
        32  //
        24  :
        18  :!
        19  :.
        27  :=
        17  :?
         2  :A
         3  :B
         4  :D
         5  :F
         8  :I
        11  :N
        12  :O
        14  :U
        15  :W
        16  :Z
        25  ;
        33  <
        34  <=
        37  ==
        35  >
        36  >=
        41  FLOAT_LIT
        39  ID
        40  INT_LIT
        42  SCRIBBLE_LIT
        20  [
        21  ]
         6  float
         7  floatarray
         9  int
        10  intarray
        13  scribble
        43  <goal>
        78  add_op
        51  assign_stmt
        55  break_stmt
        74  cond_tail
        67  condition
        45  dec_list
        87  dec_tail
        86  declaration
        65  do_stmt
        68  else_clause
        77  expr_tail
        57  expression
        76  factor
        80  factor_tail
        72  float_list
        73  float_list_tail
        69  for_assign
        66  for_stmt
        63  if_stmt
        89  init
        91  init_value
        52  input_stmt
        70  int_list
        71  int_list_tail
        61  item_list
        62  item_list_tail
        92  list_type
        82  literal
        81  mult_op
        54  newline_stmt
        53  output_stmt
        79  primary
        44  program
        75  rel_op
        85  scribble_type
        49  simple_stmt
        84  size_spec
        47  statement
        46  stmt_list
        48  stmt_tail
        50  struct_stmt
        83  type
        88  var_dec_list
        90  var_dec_tail
        58  var_list
        59  var_list_tail
        56  variable
        60  variable_tail
        64  while_stmt

